febA    chA_1   chA_2   febB    chB_1   chB_2   x               y
-1	0	1	-11	0	1	  0.0000	0.0000
-1	2	3	-11	2	3	 51.3875	0.0000
-1	4	5	-11	4	5	103.1875	0.0000
-1	6	7	-11	6	7	154.5750	0.0000
-1	8	9	-11	8	9	206.3750	0.0000
-1	10	11	-11	10	11	257.7625	0.0000
-1	12	13	-11	12	13	309.5625	0.0000
-1	14	15	-11	14	15	360.9500	0.0000
-1	16	17	-11	16	17	412.7500	0.0000
-1	18	19	-11	18	19	464.1375	0.0000
-1	20	21	-11	20	21	515.9375	0.0000
-1	22	23	-11	22	23	567.3250	0.0000
-1	24	25	-11	24	25	619.1250	0.0000
-1	26	27	-11	26	27	670.5125	0.0000
-1	28	29	-11	28	29	722.3125	0.0000
-1	30	31	-11	30	31	773.7000	0.0000
-1	32	33	-11	32	33	 42.0000	-29.3250
-1	34	35	-11	34	35	 93.3875	-29.3250
-1	36	37	-11	36	37	145.1875	-29.3250
-1	38	39	-11	38	39	196.5750	-29.3250
-1	40	41	-11	40	41	248.3750	-29.3250
-1	42	43	-11	42	43	299.7625	-29.3250
-1	44	45	-11	44	45	351.5625	-29.3250
-1	46	47	-11	46	47	402.9500	-29.3250
-1	48	49	-11	48	49	454.7500	-29.3250
-1	50	51	-11	50	51	506.1375	-29.3250
-1	52	53	-11	52	53	557.9375	-29.3250
-1	54	55	-11	54	55	609.3250	-29.3250
-1	56	57	-11	56	57	661.1250	-29.3250
-1	58	59	-11	58	59	712.5125	-29.3250
-1	60	61	-11	60	61	764.3125	-29.3250
-1	62	63	-11	62	63	815.7000	-29.3250
0	0	1	-12	0	1	 84.0000	-58.6500
0	2	3	-12	2	3	135.3875	-58.6500
0	4	5	-12	4	5	187.1875	-58.6500
0	6	7	-12	6	7	238.5750	-58.6500
0	8	9	-12	8	9	290.3750	-58.6500
0	10	11	-12	10	11	341.7625	-58.6500
0	12	13	-12	12	13	393.5625	-58.6500
0	14	15	-12	14	15	444.9500	-58.6500
0	16	17	-12	16	17	496.7500	-58.6500
0	18	19	-12	18	19	548.1375	-58.6500
0	20	21	-12	20	21	599.9375	-58.6500
0	22	23	-12	22	23	651.3250	-58.6500
0	24	25	-12	24	25	703.1250	-58.6500
0	26	27	-12	26	27	754.5125	-58.6500
0	28	29	-12	28	29	806.3125	-58.6500
0	30	31	-12	30	31	857.7000	-58.6500
0	32	33	-12	32	33	126.0000	-87.9750
0	34	35	-12	34	35	177.3875	-87.9750
0	36	37	-12	36	37	229.1875	-87.9750
0	38	39	-12	38	39	280.5750	-87.9750
0	40	41	-12	40	41	332.3750	-87.9750
0	42	43	-12	42	43	383.7625	-87.9750
0	44	45	-12	44	45	435.5625	-87.9750
0	46	47	-12	46	47	486.9500	-87.9750
0	48	49	-12	48	49	538.7500	-87.9750
0	50	51	-12	50	51	590.1375	-87.9750
0	52	53	-12	52	53	641.9375	-87.9750
0	54	55	-12	54	55	693.3250	-87.9750
0	56	57	-12	56	57	745.1250	-87.9750
0	58	59	-12	58	59	796.5125	-87.9750
0	60	61	-12	60	61	848.3125	-87.9750
0	62	63	-12	62	63	899.7000	-87.9750
1	0	1	-13	0	1	  0.0000	-225.2500
1	2	3	-13	2	3	 51.3875	-225.2500
1	4	5	-13	4	5	103.1875	-225.2500
1	6	7	-13	6	7	154.5750	-225.2500
1	8	9	-13	8	9	206.3750	-225.2500
1	10	11	-13	10	11	257.7625	-225.2500
1	12	13	-13	12	13	309.5625	-225.2500
1	14	15	-13	14	15	360.9500	-225.2500
1	16	17	-13	16	17	412.7500	-225.2500
1	18	19	-13	18	19	464.1375	-225.2500
1	20	21	-13	20	21	515.9375	-225.2500
1	22	23	-13	22	23	567.3250	-225.2500
1	24	25	-13	24	25	619.1250	-225.2500
1	26	27	-13	26	27	670.5125	-225.2500
1	28	29	-13	28	29	722.3125	-225.2500
1	30	31	-13	30	31	773.7000	-225.2500
1	32	33	-13	32	33	 42.0000	-254.5750
1	34	35	-13	34	35	 93.3875	-254.5750
1	36	37	-13	36	37	145.1875	-254.5750
1	38	39	-13	38	39	196.5750	-254.5750
1	40	41	-13	40	41	248.3750	-254.5750
1	42	43	-13	42	43	299.7625	-254.5750
1	44	45	-13	44	45	351.5625	-254.5750
1	46	47	-13	46	47	402.9500	-254.5750
1	48	49	-13	48	49	454.7500	-254.5750
1	50	51	-13	50	51	506.1375	-254.5750
1	52	53	-13	52	53	557.9375	-254.5750
1	54	55	-13	54	55	609.3250	-254.5750
1	56	57	-13	56	57	661.1250	-254.5750
1	58	59	-13	58	59	712.5125	-254.5750
1	60	61	-13	60	61	764.3125	-254.5750
1	62	63	-13	62	63	815.7000	-254.5750
2	0	1	-14	0	1	 84.0000	-283.9000
2	2	3	-14	2	3	135.3875	-283.9000
2	4	5	-14	4	5	187.1875	-283.9000
2	6	7	-14	6	7	238.5750	-283.9000
2	8	9	-14	8	9	290.3750	-283.9000
2	10	11	-14	10	11	341.7625	-283.9000
2	12	13	-14	12	13	393.5625	-283.9000
2	14	15	-14	14	15	444.9500	-283.9000
2	16	17	-14	16	17	496.7500	-283.9000
2	18	19	-14	18	19	548.1375	-283.9000
2	20	21	-14	20	21	599.9375	-283.9000
2	22	23	-14	22	23	651.3250	-283.9000
2	24	25	-14	24	25	703.1250	-283.9000
2	26	27	-14	26	27	754.5125	-283.9000
2	28	29	-14	28	29	806.3125	-283.9000
2	30	31	-14	30	31	857.7000	-283.9000
2	32	33	-14	32	33	126.0000	-313.2250
2	34	35	-14	34	35	177.3875	-313.2250
2	36	37	-14	36	37	229.1875	-313.2250
2	38	39	-14	38	39	280.5750	-313.2250
2	40	41	-14	40	41	332.3750	-313.2250
2	42	43	-14	42	43	383.7625	-313.2250
2	44	45	-14	44	45	435.5625	-313.2250
2	46	47	-14	46	47	486.9500	-313.2250
2	48	49	-14	48	49	538.7500	-313.2250
2	50	51	-14	50	51	590.1375	-313.2250
2	52	53	-14	52	53	641.9375	-313.2250
2	54	55	-14	54	55	693.3250	-313.2250
2	56	57	-14	56	57	745.1250	-313.2250
2	58	59	-14	58	59	796.5125	-313.2250
2	60	61	-14	60	61	848.3125	-313.2250
2	62	63	-14	62	63	899.7000	-313.2250
3	0	1	-15	0	1	  0.0000	-450.5000
3	2	3	-15	2	3	 51.3875	-450.5000
3	4	5	-15	4	5	103.1875	-450.5000
3	6	7	-15	6	7	154.5750	-450.5000
3	8	9	-15	8	9	206.3750	-450.5000
3	10	11	-15	10	11	257.7625	-450.5000
3	12	13	-15	12	13	309.5625	-450.5000
3	14	15	-15	14	15	360.9500	-450.5000
3	16	17	-15	16	17	412.7500	-450.5000
3	18	19	-15	18	19	464.1375	-450.5000
3	20	21	-15	20	21	515.9375	-450.5000
3	22	23	-15	22	23	567.3250	-450.5000
3	24	25	-15	24	25	619.1250	-450.5000
3	26	27	-15	26	27	670.5125	-450.5000
3	28	29	-15	28	29	722.3125	-450.5000
3	30	31	-15	30	31	773.7000	-450.5000
3	32	33	-15	32	33	 42.0000	-479.8250
3	34	35	-15	34	35	 93.3875	-479.8250
3	36	37	-15	36	37	145.1875	-479.8250
3	38	39	-15	38	39	196.5750	-479.8250
3	40	41	-15	40	41	248.3750	-479.8250
3	42	43	-15	42	43	299.7625	-479.8250
3	44	45	-15	44	45	351.5625	-479.8250
3	46	47	-15	46	47	402.9500	-479.8250
3	48	49	-15	48	49	454.7500	-479.8250
3	50	51	-15	50	51	506.1375	-479.8250
3	52	53	-15	52	53	557.9375	-479.8250
3	54	55	-15	54	55	609.3250	-479.8250
3	56	57	-15	56	57	661.1250	-479.8250
3	58	59	-15	58	59	712.5125	-479.8250
3	60	61	-15	60	61	764.3125	-479.8250
3	62	63	-15	62	63	815.7000	-479.8250
-2	0	1	-16	0	1	 84.0000	-509.1500
-2	2	3	-16	2	3	135.3875	-509.1500
-2	4	5	-16	4	5	187.1875	-509.1500
-2	6	7	-16	6	7	238.5750	-509.1500
-2	8	9	-16	8	9	290.3750	-509.1500
-2	10	11	-16	10	11	341.7625	-509.1500
-2	12	13	-16	12	13	393.5625	-509.1500
-2	14	15	-16	14	15	444.9500	-509.1500
-2	16	17	-16	16	17	496.7500	-509.1500
-2	18	19	-16	18	19	548.1375	-509.1500
-2	20	21	-16	20	21	599.9375	-509.1500
-2	22	23	-16	22	23	651.3250	-509.1500
-2	24	25	-16	24	25	703.1250	-509.1500
-2	26	27	-16	26	27	754.5125	-509.1500
-2	28	29	-16	28	29	806.3125	-509.1500
-2	30	31	-16	30	31	857.7000	-509.1500
-2	32	33	-16	32	33	126.0000	-538.4750
-2	34	35	-16	34	35	177.3875	-538.4750
-2	36	37	-16	36	37	229.1875	-538.4750
-2	38	39	-16	38	39	280.5750	-538.4750
-2	40	41	-16	40	41	332.3750	-538.4750
-2	42	43	-16	42	43	383.7625	-538.4750
-2	44	45	-16	44	45	435.5625	-538.4750
-2	46	47	-16	46	47	486.9500	-538.4750
-2	48	49	-16	48	49	538.7500	-538.4750
-2	50	51	-16	50	51	590.1375	-538.4750
-2	52	53	-16	52	53	641.9375	-538.4750
-2	54	55	-16	54	55	693.3250	-538.4750
-2	56	57	-16	56	57	745.1250	-538.4750
-2	58	59	-16	58	59	796.5125	-538.4750
-2	60	61	-16	60	61	848.3125	-538.4750
-2	62	63	-16	62	63	899.7000	-538.4750
-3	0	1	-17	0	1	  0.0000	-675.7500
-3	2	3	-17	2	3	 51.3875	-675.7500
-3	4	5	-17	4	5	103.1875	-675.7500
-3	6	7	-17	6	7	154.5750	-675.7500
-3	8	9	-17	8	9	206.3750	-675.7500
-3	10	11	-17	10	11	257.7625	-675.7500
-3	12	13	-17	12	13	309.5625	-675.7500
-3	14	15	-17	14	15	360.9500	-675.7500
-3	16	17	-17	16	17	412.7500	-675.7500
-3	18	19	-17	18	19	464.1375	-675.7500
-3	20	21	-17	20	21	515.9375	-675.7500
-3	22	23	-17	22	23	567.3250	-675.7500
-3	24	25	-17	24	25	619.1250	-675.7500
-3	26	27	-17	26	27	670.5125	-675.7500
-3	28	29	-17	28	29	722.3125	-675.7500
-3	30	31	-17	30	31	773.7000	-675.7500
-3	32	33	-17	32	33	 42.0000	-705.0750
-3	34	35	-17	34	35	 93.3875	-705.0750
-3	36	37	-17	36	37	145.1875	-705.0750
-3	38	39	-17	38	39	196.5750	-705.0750
-3	40	41	-17	40	41	248.3750	-705.0750
-3	42	43	-17	42	43	299.7625	-705.0750
-3	44	45	-17	44	45	351.5625	-705.0750
-3	46	47	-17	46	47	402.9500	-705.0750
-3	48	49	-17	48	49	454.7500	-705.0750
-3	50	51	-17	50	51	506.1375	-705.0750
-3	52	53	-17	52	53	557.9375	-705.0750
-3	54	55	-17	54	55	609.3250	-705.0750
-3	56	57	-17	56	57	661.1250	-705.0750
-3	58	59	-17	58	59	712.5125	-705.0750
-3	60	61	-17	60	61	764.3125	-705.0750
-3	62	63	-17	62	63	815.7000	-705.0750
4	0	1	-18	0	1	 84.0000	-734.4000
4	2	3	-18	2	3	135.3875	-734.4000
4	4	5	-18	4	5	187.1875	-734.4000
4	6	7	-18	6	7	238.5750	-734.4000
4	8	9	-18	8	9	290.3750	-734.4000
4	10	11	-18	10	11	341.7625	-734.4000
4	12	13	-18	12	13	393.5625	-734.4000
4	14	15	-18	14	15	444.9500	-734.4000
4	16	17	-18	16	17	496.7500	-734.4000
4	18	19	-18	18	19	548.1375	-734.4000
4	20	21	-18	20	21	599.9375	-734.4000
4	22	23	-18	22	23	651.3250	-734.4000
4	24	25	-18	24	25	703.1250	-734.4000
4	26	27	-18	26	27	754.5125	-734.4000
4	28	29	-18	28	29	806.3125	-734.4000
4	30	31	-18	30	31	857.7000	-734.4000
4	32	33	-18	32	33	126.0000	-763.7250
4	34	35	-18	34	35	177.3875	-763.7250
4	36	37	-18	36	37	229.1875	-763.7250
4	38	39	-18	38	39	280.5750	-763.7250
4	40	41	-18	40	41	332.3750	-763.7250
4	42	43	-18	42	43	383.7625	-763.7250
4	44	45	-18	44	45	435.5625	-763.7250
4	46	47	-18	46	47	486.9500	-763.7250
4	48	49	-18	48	49	538.7500	-763.7250
4	50	51	-18	50	51	590.1375	-763.7250
4	52	53	-18	52	53	641.9375	-763.7250
4	54	55	-18	54	55	693.3250	-763.7250
4	56	57	-18	56	57	745.1250	-763.7250
4	58	59	-18	58	59	796.5125	-763.7250
4	60	61	-18	60	61	848.3125	-763.7250
4	62	63	-18	62	63	899.7000	-763.7250
